Features length: 2595
Start Kmeans:
KMeans(copy_x=True, init='k-means++', max_iter=500, n_clusters=3, n_init=20,
    n_jobs=1, precompute_distances='auto', random_state=None, tol=0.0001,
    verbose=0)
[[ 0.00363179  0.01396871  0.00817152 ...,  0.00341545  0.00214984
   0.01416117]
 [ 0.          0.00074746  0.00133046 ...,  0.00685656  0.00863341
   0.00263492]
 [ 0.00528455  0.00290234  0.00163597 ...,  0.00348296  0.00197295
   0.00276732]]
[2 2 2 0 0 2 2 1 2 2 1 2 2 0 2 0 1 2 0 2 1 0 2 2]
1 2
2 2
3 2
4 0
5 0
6 2
7 2
8 1
9 2
10 2
11 1
12 2
13 2
14 0
15 2
16 0
17 1
18 2
19 0
20 2
21 1
22 0
23 2
24 2
13.8529222022
Top terms:
Cluster 0:
 christian
0.032901818981
 goth
0.0311521871641
 arab
0.0340133981574
 bishop
0.0192472090866
 theodosiu
0.00463968744997
 danube
0.0529766201389
 patriarch
0.00894796865351
 pope
0.00812709513495
 byzantine
0.0198843747856
 arabian
0.0325083805398
Cluster 1:
 josephu
0.0
 jerusalem
0.0
 jewish
0.0
 agrippa
0.0
 thee
0.00477721694158
 david
0.0
 mose
0.0
 simon
0.0
 juda
0.0
 hebrew
0.0
Cluster 2:
 tacitu
0.0
 luciu
0.0
 galba
0.0
 piso
0.0
 samnite
0.0
 carthaginian
0.00313766893129
 pliny
0.0
 fabiu
0.0
 shew
0.346084225095
 appiu
0.0

[[-0.00917298  0.05598581 -0.02377537]
 [-0.33600073  0.27143734 -0.40189091]
 [-0.07502679  0.144926   -0.16262355]
 [ 0.67526528  0.03482069 -0.0768808 ]
 [ 0.51522118  0.03315992  0.01025242]
 [-0.26445825  0.23867427 -0.38470349]
 [-0.20368141  0.2660932   0.43184007]
 [-0.23160517 -0.76500957  0.02756814]
 [-0.22174797  0.28321674  0.60698316]
 [-0.32742498  0.28071718 -0.37586603]
 [-0.21691888 -0.71149302 -0.0012525 ]
 [-0.24010604  0.29929807  0.69551482]
 [-0.11827675  0.1213997   0.01052747]
 [ 0.64257062  0.05324467 -0.0416264 ]
 [-0.18820627  0.1979596   0.47987753]
 [ 0.57871992 -0.1133996  -0.05620773]
 [-0.25188521 -0.71331383  0.05006275]
 [-0.11912419  0.15150561 -0.18061686]
 [ 0.48991939  0.02337018  0.14029968]
 [-0.34383804  0.28486572 -0.42622223]
 [-0.23749576 -0.68089817  0.01875714]
 [ 0.70242847 -0.0605058  -0.04608753]
 [-0.0892137   0.06288019 -0.11499411]
 [-0.12994174  0.24106507 -0.17893568]]
